    0.0002
         0
   -0.0003
    0.0008
   -0.0013
    0.0020
   -0.0029
    0.0038
   -0.0054
    0.0067
   -0.0079
    0.0092
   -0.0030
    0.1891
    0.1246
   -0.2890
    0.1562
   -0.0711
   -0.1466
    0.3836
    0.0142
    0.0980
    0.4514
    0.1436
   -0.2684
    0.0749
    0.1404
   -0.3056
   -0.1566
    0.0400
   -0.0708
   -0.1113
   -0.0048
    0.0104
   -0.0072
   -0.0169
    0.0066
    0.0239
   -0.0220
   -0.0132
   -0.0285
   -0.0293
   -0.0005
    0.0006
   -0.0155
    0.0075
   -0.0147
   -0.0217
   -0.0043
   -0.0459
   -0.0563
   -0.0397
   -0.0432
   -0.0334
   -0.0285
   -0.0338
   -0.0221
   -0.0056
   -0.0089
   -0.0111
   -0.0060
   -0.0075
   -0.0048
   -0.0067
   -0.0061
   -0.0052
   -0.0060
   -0.0082
   -0.0109
   -0.0111
   -0.0117
   -0.0115
   -0.0135
   -0.0128
   -0.0101
   -0.0102
   -0.0065
   -0.0057
   -0.0050
   -0.0057
   -0.0071
   -0.0085
   -0.0063
   -0.0043
   -0.0062
   -0.0047
   -0.0057
   -0.0040
   -0.0023
   -0.0031
   -0.0032
   -0.0025
   -0.0022
   -0.0051
   -0.0069
   -0.0041
   -0.0023
   -0.0009
   -0.0020
   -0.0025
   -0.0020
   -0.0034
   -0.0020
   -0.0017
   -0.0006
    0.0004
   -0.0015
   -0.0025
   -0.0001
    0.0017
    0.0013
    0.0007
    0.0005
    0.0008
   -0.0008
   -0.0023
   -0.0006
   -0.0002
   -0.0010
         0
    0.0019
    0.0020
    0.0025
    0.0029
    0.0023
    0.0027
    0.0027
    0.0014